{
  "accessors": [
    {
      "bufferView": 2,
      "componentType": 5126,
      "count": 9,
      "max": [1.5, 0.4483911395072937, 1.5],
      "min": [-1.5, 0.12403442710638046, -1.5],
      "type": "VEC3"
    },
    {
      "bufferView": 2,
      "byteOffset": 108,
      "componentType": 5126,
      "count": 9,
      "max": [0.10687677562236786, 1.0, 0.10687673836946487],
      "min": [-0.10687677562236786, 0.9885114431381226, -0.10687673836946487],
      "type": "VEC3"
    },
    {
      "bufferView": 1,
      "componentType": 5126,
      "count": 9,
      "max": [1.0, 1.0],
      "min": [0.0, 0.0],
      "type": "VEC2"
    },
    {
      "bufferView": 1,
      "byteOffset": 72,
      "componentType": 5126,
      "count": 9,
      "max": [1.0, 1.0],
      "min": [0.0, 0.0],
      "type": "VEC2"
    },
    {
      "bufferView": 0,
      "componentType": 5125,
      "count": 24,
      "type": "SCALAR"
    },
    {
      "bufferView": 2,
      "byteOffset": 216,
      "componentType": 5126,
      "count": 9,
      "max": [1.5, 0.4483911395072937, 1.5],
      "min": [-1.5, 0.12403442710638046, -1.5],
      "type": "VEC3"
    },
    {
      "bufferView": 2,
      "byteOffset": 324,
      "componentType": 5126,
      "count": 9,
      "max": [0.10687677562236786, 1.0, 0.10687673836946487],
      "min": [-0.10687677562236786, 0.9885114431381226, -0.10687673836946487],
      "type": "VEC3"
    },
    {
      "bufferView": 1,
      "byteOffset": 144,
      "componentType": 5126,
      "count": 9,
      "max": [1.0, 1.0],
      "min": [0.0, 0.0],
      "type": "VEC2"
    },
    {
      "bufferView": 1,
      "byteOffset": 216,
      "componentType": 5126,
      "count": 9,
      "max": [1.0, 1.0],
      "min": [0.0, 0.0],
      "type": "VEC2"
    },
    {
      "bufferView": 0,
      "byteOffset": 96,
      "componentType": 5125,
      "count": 24,
      "type": "SCALAR"
    },
    {
      "bufferView": 2,
      "byteOffset": 432,
      "componentType": 5126,
      "count": 9,
      "max": [1.5, 0.4483911395072937, 1.5],
      "min": [-1.5, 0.12403442710638046, -1.5],
      "type": "VEC3"
    },
    {
      "bufferView": 2,
      "byteOffset": 540,
      "componentType": 5126,
      "count": 9,
      "max": [0.10687677562236786, 1.0, 0.10687673836946487],
      "min": [-0.10687677562236786, 0.9885114431381226, -0.10687673836946487],
      "type": "VEC3"
    },
    {
      "bufferView": 1,
      "byteOffset": 288,
      "componentType": 5126,
      "count": 9,
      "max": [1.0, 1.0],
      "min": [0.0, 0.0],
      "type": "VEC2"
    },
    {
      "bufferView": 1,
      "byteOffset": 360,
      "componentType": 5126,
      "count": 9,
      "max": [1.0, 1.0],
      "min": [0.0, 0.0],
      "type": "VEC2"
    },
    {
      "bufferView": 0,
      "byteOffset": 192,
      "componentType": 5125,
      "count": 24,
      "type": "SCALAR"
    },
    {
      "bufferView": 2,
      "byteOffset": 648,
      "componentType": 5126,
      "count": 9,
      "max": [1.5, 0.4483911395072937, 1.5],
      "min": [-1.5, 0.12403442710638046, -1.5],
      "type": "VEC3"
    },
    {
      "bufferView": 2,
      "byteOffset": 756,
      "componentType": 5126,
      "count": 9,
      "max": [0.10687677562236786, 1.0, 0.10687673836946487],
      "min": [-0.10687677562236786, 0.9885114431381226, -0.10687673836946487],
      "type": "VEC3"
    },
    {
      "bufferView": 1,
      "byteOffset": 432,
      "componentType": 5126,
      "count": 9,
      "max": [1.0, 1.0],
      "min": [0.0, 0.0],
      "type": "VEC2"
    },
    {
      "bufferView": 1,
      "byteOffset": 504,
      "componentType": 5126,
      "count": 9,
      "max": [1.0, 1.0],
      "min": [0.0, 0.0],
      "type": "VEC2"
    },
    {
      "bufferView": 0,
      "byteOffset": 288,
      "componentType": 5125,
      "count": 24,
      "type": "SCALAR"
    },
    {
      "bufferView": 2,
      "byteOffset": 864,
      "componentType": 5126,
      "count": 36,
      "max": [2.7920408248901367, 0.9393728375434875, 3.2532763481140137],
      "min": [-3.5729923248291016, -0.296119749546051, -3.332219123840332],
      "type": "VEC3"
    },
    {
      "bufferView": 2,
      "byteOffset": 1296,
      "componentType": 5126,
      "count": 36,
      "max": [0.2997657358646393, 0.9987200498580933, 0.38898134231567383],
      "min": [-0.29402074217796326, 0.9016515016555786, -0.2517116963863373],
      "type": "VEC3"
    },
    {
      "bufferView": 1,
      "byteOffset": 576,
      "componentType": 5126,
      "count": 36,
      "max": [1.0, 1.0],
      "min": [0.0, 0.0],
      "type": "VEC2"
    },
    {
      "bufferView": 1,
      "byteOffset": 864,
      "componentType": 5126,
      "count": 36,
      "max": [1.0, 1.0],
      "min": [0.0, 0.0],
      "type": "VEC2"
    },
    {
      "bufferView": 0,
      "byteOffset": 384,
      "componentType": 5125,
      "count": 96,
      "type": "SCALAR"
    },
    {
      "bufferView": 2,
      "byteOffset": 1728,
      "componentType": 5126,
      "count": 36,
      "max": [2.7920408248901367, 0.9393728375434875, 3.2532763481140137],
      "min": [-3.5729923248291016, -0.296119749546051, -3.332219123840332],
      "type": "VEC3"
    },
    {
      "bufferView": 2,
      "byteOffset": 2160,
      "componentType": 5126,
      "count": 36,
      "max": [0.2997657358646393, 0.9987200498580933, 0.38898134231567383],
      "min": [-0.29402074217796326, 0.9016515016555786, -0.2517116963863373],
      "type": "VEC3"
    },
    {
      "bufferView": 1,
      "byteOffset": 1152,
      "componentType": 5126,
      "count": 36,
      "max": [1.0, 1.0],
      "min": [0.0, 0.0],
      "type": "VEC2"
    },
    {
      "bufferView": 1,
      "byteOffset": 1440,
      "componentType": 5126,
      "count": 36,
      "max": [1.0, 1.0],
      "min": [0.0, 0.0],
      "type": "VEC2"
    },
    {
      "bufferView": 0,
      "byteOffset": 768,
      "componentType": 5125,
      "count": 96,
      "type": "SCALAR"
    }
  ],
  "asset": {
    "extras": {
      "author": "jwilson32 (https://sketchfab.com/jwilson32)",
      "license": "CC-BY-4.0 (http://creativecommons.org/licenses/by/4.0/)",
      "source": "https://sketchfab.com/3d-models/sort-of-flower-333aed4b4a4f4c5e931d6b84ac475761",
      "title": "Sort Of Flower"
    },
    "generator": "Sketchfab-12.66.0",
    "version": "2.0"
  },
  "bufferViews": [
    {
      "buffer": 0,
      "byteLength": 1152,
      "name": "floatBufferViews",
      "target": 34963
    },
    {
      "buffer": 0,
      "byteLength": 1728,
      "byteOffset": 1152,
      "byteStride": 8,
      "name": "floatBufferViews",
      "target": 34962
    },
    {
      "buffer": 0,
      "byteLength": 2592,
      "byteOffset": 2880,
      "byteStride": 12,
      "name": "floatBufferViews",
      "target": 34962
    }
  ],
  "buffers": [
    {
      "byteLength": 5472,
      "uri": "sort-flower.bin"
    }
  ],
  "images": [
    {
      "uri": "textures/lambert1_baseColor.png"
    }
  ],
  "materials": [
    {
      "alphaCutoff": 0.8894153305486141,
      "alphaMode": "MASK",
      "doubleSided": true,
      "name": "lambert1",
      "pbrMetallicRoughness": {
        "baseColorTexture": {
          "index": 0
        },
        "metallicFactor": 0.0,
        "roughnessFactor": 0.6
      }
    }
  ],
  "meshes": [
    {
      "name": "pPlane1_lambert1_0",
      "primitives": [
        {
          "attributes": {
            "NORMAL": 1,
            "POSITION": 0,
            "TEXCOORD_0": 2,
            "TEXCOORD_1": 3
          },
          "indices": 4,
          "material": 0,
          "mode": 4
        }
      ]
    },
    {
      "name": "pPlane2_lambert1_0",
      "primitives": [
        {
          "attributes": {
            "NORMAL": 6,
            "POSITION": 5,
            "TEXCOORD_0": 7,
            "TEXCOORD_1": 8
          },
          "indices": 9,
          "material": 0,
          "mode": 4
        }
      ]
    },
    {
      "name": "pPlane3_lambert1_0",
      "primitives": [
        {
          "attributes": {
            "NORMAL": 11,
            "POSITION": 10,
            "TEXCOORD_0": 12,
            "TEXCOORD_1": 13
          },
          "indices": 14,
          "material": 0,
          "mode": 4
        }
      ]
    },
    {
      "name": "pPlane4_lambert1_0",
      "primitives": [
        {
          "attributes": {
            "NORMAL": 16,
            "POSITION": 15,
            "TEXCOORD_0": 17,
            "TEXCOORD_1": 18
          },
          "indices": 19,
          "material": 0,
          "mode": 4
        }
      ]
    },
    {
      "name": "pPlane9_lambert1_0",
      "primitives": [
        {
          "attributes": {
            "NORMAL": 21,
            "POSITION": 20,
            "TEXCOORD_0": 22,
            "TEXCOORD_1": 23
          },
          "indices": 24,
          "material": 0,
          "mode": 4
        }
      ]
    },
    {
      "name": "pPlane10_lambert1_0",
      "primitives": [
        {
          "attributes": {
            "NORMAL": 26,
            "POSITION": 25,
            "TEXCOORD_0": 27,
            "TEXCOORD_1": 28
          },
          "indices": 29,
          "material": 0,
          "mode": 4
        }
      ]
    }
  ],
  "nodes": [
    {
      "children": [1],
      "matrix": [
        1.0, 0.0, 0.0, 0.0, 0.0, 2.220446049250313e-16, -1.0, 0.0, 0.0, 1.0, 2.220446049250313e-16,
        0.0, 0.0, 0.0, 0.0, 1.0
      ],
      "name": "Sketchfab_model"
    },
    {
      "children": [2],
      "matrix": [
        0.009999999776482582, 0.0, 0.0, 0.0, 0.0, 0.0, 0.009999999776482582, 0.0, 0.0,
        -0.009999999776482582, 0.0, 0.0, 0.0, 0.0, 0.0, 1.0
      ],
      "name": "68a3e1ee6f0340ef9d5720e7d705450b.fbx"
    },
    {
      "children": [3, 5, 7, 9, 11, 13],
      "name": "RootNode"
    },
    {
      "children": [4],
      "matrix": [
        0.9780473681571129, 0.20742332257299667, -0.019972753784180692, 0.0, -0.1985362298573013,
        0.9566572684304956, 0.21304984438659308, 0.0, 0.0632985866745362, -0.20440752435241044,
        0.9768371680649365, 0.0, 1.3753650188446045, 0.4838165044784546, -1.4986505508422852, 1.0
      ],
      "name": "pPlane1"
    },
    {
      "mesh": 0,
      "name": "pPlane1_lambert1_0"
    },
    {
      "children": [6],
      "matrix": [
        -0.1169679019041765, 0.11908268081477742, 0.9859704990790041, 0.0, -0.16840075066374166,
        0.9760306478735411, -0.13785993467082427, 0.0, -0.978754155597831, -0.18216335949230147,
        -0.09411064423568294, 0.0, 1.2936358451843262, 0.3245646059513092, 1.6502540111541748, 1.0
      ],
      "name": "pPlane2"
    },
    {
      "mesh": 1,
      "name": "pPlane2_lambert1_0"
    },
    {
      "children": [8],
      "matrix": [
        -0.9572733535491982, 0.15619091389471015, -0.24337650872959635, 0.0, 0.1748461850522313,
        0.9829503595632268, -0.05689817402346034, 0.0, 0.23034004896533503, -0.09702055994096473,
        -0.9682615725057919, 0.0, -1.813259243965149, 0.26023951172828674, 1.1110827922821045, 1.0
      ],
      "name": "pPlane3"
    },
    {
      "mesh": 2,
      "name": "pPlane3_lambert1_0"
    },
    {
      "children": [10],
      "matrix": [
        0.21275865073672073, 0.2553580251203586, -0.9431468790932408, 0.0, 0.04576918902910471,
        0.961582361379674, 0.27067423892773423, 0.0, 0.9760322422298907, -0.1007553536548822,
        0.19289743605753673, 0.0, -1.1830476522445679, 0.45731648802757263, -1.661725640296936, 1.0
      ],
      "name": "pPlane4"
    },
    {
      "mesh": 3,
      "name": "pPlane4_lambert1_0"
    },
    {
      "children": [12],
      "matrix": [
        0.6284981557218379, 0.0, 0.6450343218201825, 0.0, 0.0, 0.9005993604660034, 0.0, 0.0,
        -0.6450343218201825, 0.0, 0.6284981557218379, 0.0, -0.14743579924106598,
        -0.08501832187175751, 0.17598718404769897, 1.0
      ],
      "name": "pPlane9"
    },
    {
      "mesh": 4,
      "name": "pPlane9_lambert1_0"
    },
    {
      "children": [14],
      "matrix": [
        0.7084785620632491, 0.0, 0.5560012006898594, 0.0, 0.0, 0.9005993604660034, 0.0, 0.0,
        -0.5560012006898594, 0.0, 0.7084785620632491, 0.0, -0.11766152828931808,
        0.46581149101257324, 0.14991183578968048, 1.0
      ],
      "name": "pPlane10"
    },
    {
      "mesh": 5,
      "name": "pPlane10_lambert1_0"
    }
  ],
  "samplers": [
    {
      "magFilter": 9729,
      "minFilter": 9987,
      "wrapS": 10497,
      "wrapT": 10497
    }
  ],
  "scene": 0,
  "scenes": [
    {
      "name": "Sketchfab_Scene",
      "nodes": [0]
    }
  ],
  "textures": [
    {
      "sampler": 0,
      "source": 0
    }
  ]
}
